ospdm5 00 20 -1 -1 20 -1 0
ospdm6 00 20 -1 -1 20 -1 0
ospdm12 00 20 -1 -1 20 -1 0
cpm4 00 20 -1 -1 20 -1 0
q3dm14 00 20 -1 -1 20 -1 0
q3dm14tmp 00 20 -1 -1 20 -1 0
ospdm1 00 20 -1 -1 20 -1 0
ospdm2 00 20 -1 -1 20 -1 0
ospdm4 00 20 -1 -1 20 -1 0
ospdm9 00 20 -1 -1 20 -1 0
ospdm11 00 20 -1 -1 20 -1 0
pro-q3dm6 00 20 -1 -1 20 -1
q3dm6  00 20 -1 -1 20 -1
q3dm8  00 20 -1 -1 20 -1
q3dm9  00 20 -1 -1 20 -1
q3dm10 00 20 -1 -1 20 -1
q3dm11 00 20 -1 -1 20 -1
q3dm12 00 20 -1 -1 20 -1
q3dm13 00 20 -1 -1 20 -1
q3dm15 00 20 -1 -1 20 -1
q3dm16 00 20 -1 -1 20 -1
q3dm17 00 20 -1 -1 20 -1
