ospdm1 00 00 30 0 15 -1
ospdm2 00 00 30 0 15 -1
ospdm3 00 00 30 0 15 -1
ospdm4 00 00 30 0 15 -1
ospdm5 00 00 30 0 15 -1
ospdm6 00 00 30 0 15 -1
ospdm7 00 00 30 0 15 -1
ospdm8 00 00 30 0 15 -1
ospdm9 00 00 30 0 15 -1
ospdm10 00 00 30 0 15 -1
ospdm11 00 00 30 0 15 -1
ospdm12 00 00 30 0 15 -1
q3dm1  00 06 20 0 20 -1
q3dm2  00 07 25 0 20 -1
q3dm3  00 08 25 0 20 -1
q3dm4  00 06 25 0 15 -1
q3dm5  00 06 25 0 15 -1
q3dm6  00 12 25 0 20 -1
q3dm7  04 99 30 0 20 -1
q3dm8  02 14
q3dm9  02 14
q3dm10 03 14
q3dm11 03 14
q3dm12 04 99 25 0 20 -1
q3dm13 04 10 30 0 20 -1
q3dm14 04 14
q3dm15 04 14
q3dm16 03 99
q3dm17 04 99
q3dm18 99 99 20 0 20 -1
q3dm19 99 99 20 0 20 -1
q3tourney2 00 06 20 0 10 -1
q3tourney3 00 07 20 0 10 -1
q3tourney4 00 07 20 0 10 -1
q3tourney5 00 05 20 0 10 -1
pro-q3dm6 00 14 30 0 20 -1
pro-q3dm13 00 14 30 0 20 -1
pro-q3tourney2 00 14 30 0 20 -1
pro-q3tourney4 00 14 30 0 20 -1
